table-side:
  x: 2.117528853584487
  y: -0.7398618646873091
  z: 1.690495559991424
  a_pan: -1.6568928834078864
  a_tilt: -0.45895759920252227
  a_roll: 0.01891162193798448
table-top:
  x: 0.706730737513685
  y: -0.6983003122172459
  z: 2.7941659781559536
  a_pan: 2.6280738938464325
  a_tilt: -1.4718507489605601
  a_roll: -1.0299983384973836
back:
  x: 0.00046455818747124524
  y: 2.253489874512911
  z: 2.624212199751635
  a_pan: 3.3078208001671388
  a_tilt: -0.7865176431578659
  a_roll: -0.04570872270182944
counter-top:
  x: -1.24020971680974
  y: 0.5492507338602833
  z: 2.6308086027879534
  a_pan: 1.6137411125737653
  a_tilt: -1.4577694446212772
  a_roll: -0.0159157657331949
ceiling:
  x: 0.06082829201501025
  y: -0.28003894352519576
  z: 4.8802643780959265
  a_pan: 0.09679689287110299
  a_tilt: -1.4804966488079672
  a_roll: 1.4792875838270683
front:
  x: 0.2672028515630891
  y: -2.3241855961172018
  z: 2.007339495916651
  a_pan: 0.009255968809249126
  a_tilt: -0.5462950174160325
  a_roll: 0.051508376201425426
table-offsets-to-correct-position:
  table_x: -0.02276786594127855
  table_y: 0.053149997363678106
  counter_x: -0.03196785834738532
  counter_y: -0.0075489232619006166
